Measures of performance
AUC           : 0.745768676861204+/-0.051463343382937426
Brier         : 0.22692127640841625+/-0.0118114396670346
Calibration   : 0.06758674611511595+/-0.010322880690057044
Discrimination: 0.03642434398282555+/-0.012853723718698938
Accuracy      : 0.7418867924528303+/-0.028847569590364403
Sensitivity   : 0.9398349364801285+/-0.026798553068244094
Specificity   : 0.19664358697064482+/-0.0659215590351398
PPV           : 0.7633718359936459+/-0.021915833785975922
NPV           : 0.5480209512709513+/-0.1353991173230626
LR+           : 1.1780566927372669+/-0.10556192349818053
LR-           : 0.34493019944566333+/-0.207560147206486
