PatientAge=-1.3930312741770656,1.387141262253631
FeverTemperature=-14.186019772485652,-12.665709199004818
WellnessScale=0.747860339321895,3.739301696609475
