PatientAge=-1.6690281555375863,1.8349674304577972
cycletime=-2.6666794262121485,1.1579386268171572
WellnessScale=0.435910773763644,2.17955386881822
