PatientAge=-1.4873716078099908,1.961854526907917
cycletime=-1.695393203586465,0.7361819567733344
WellnessScale=0.507888894535718,2.5394444726785896
reftime=-3.0020186719622233,-0.0
cycletime * reftime=-1.3906549611214942,2.3424064174760613
