PatientAge=-1.2176332480653944,2.4662984102899603
cycletime=-2.339192962006996,1.551230574046558
Jaundice=0.0,1.31695854666441
Bleeding=0.0,0.929701838697012
Breathlessness=0.0,0.167712052806154
SwallowingProblems=0.0,0.0882750327011748
reftime=-0.07299555315645,-0.0
cycletime * reftime=-1.4207834955858378,0.8981196958354057
