PatientAge=-1.0855663800601902,2.2978863294306446
cycletime=-2.9283407264615002,1.9419225946265486
