PatientAge=-1.2018931598662124,2.448001448026031
cycletime=-2.330688420155404,1.3073846597312964
FeverTemperature=-7.5893870528673855,-6.596865859452679
Jaundice=0.0,1.33911639287549
Bleeding=0.0,1.02004343404624
Breathlessness=0.0,0.171932841672515
SwallowingProblems=0.0,0.146733480488242
reftime=0.0,0.01675357362924686
cycletime * reftime=-0.546398387563307,0.38487366267700346
