PatientAge=-1.1002746544144517,1.8172352316183984
FeverTemperature=-2.7642014303456417,-1.5117399103244524
Jaundice=0.0,1.30197730732007
Bleeding=0.0,1.16552489191477
Breathlessness=0.0,0.16085185798897
SwallowingProblems=0.0,0.273871359846886
AstheniaWeakness=0.0,0.231948789297131
Diarrhoea=0.0,0.141970646329876
