Measures of performance
AUC           : 0.7910019182148302+/-0.04153501078996603
Brier         : 0.2154083593077495+/-0.013851561725539816
Calibration   : 0.07732256244845602+/-0.013985003759892162
Discrimination: 0.05345240697570523+/-0.01360218366685074
Accuracy      : 0.7666037735849058+/-0.026936233919336437
Sensitivity   : 0.855349879061995+/-0.02864860819426731
Specificity   : 0.5153062247413169+/-0.06242948770556246
PPV           : 0.8344206485724923+/-0.02645518622084267
NPV           : 0.5562461928401523+/-0.0637395559105465
LR+           : 1.7928130635315032+/-0.22891521686774907
LR-           : 0.28464708489322593+/-0.06482440985177018
