PatientAge=-1.5076402781989442,1.6695529156811943
cycletime=-1.767427711538195,0.7674611343157047
FeverTemperature=-21.460097587609265,-20.23252578545374
WellnessScale=0.495097752275253,2.475488761376265
reftime=-1.3023570114533327,-0.0
cycletime * reftime=-1.38814216705118,0.9777835592303608
